     0.000 1013.2500   293.767     AA L 2A222A2
 0.66020864E+04 0.39000000E+03 0.41136036E-01 0.00000000E+00 0.00000000E+00 1.80000000E+00 0.00000000E+00
     0.000 945.49545   289.582     AA L 2A222A2
 0.63694899E+04 0.39000000E+03 0.47775191E-01 0.00000000E+00 0.00000000E+00 1.80000000E+00 0.00000000E+00
     0.000 882.27156   285.250     AA L 2A222A2
 0.60290974E+04 0.39000000E+03 0.59585834E-01 0.00000000E+00 0.00000000E+00 1.80000000E+00 0.00000000E+00
     0.000 823.27535   280.639     AA L 2A222A2
 0.55364632E+04 0.39000000E+03 0.72181905E-01 0.00000000E+00 0.00000000E+00 1.80000000E+00 0.00000000E+00
     0.000 768.22413   275.891     AA L 2A222A2
 0.49242404E+04 0.39000000E+03 0.80431752E-01 0.00000000E+00 0.00000000E+00 1.80000000E+00 0.00000000E+00
     0.000 716.85411   271.883     AA L 2A222A2
 0.41772546E+04 0.39000000E+03 0.83074650E-01 0.00000000E+00 0.00000000E+00 1.80000000E+00 0.00000000E+00
     0.000 668.91912   268.378     AA L 2A222A2
 0.34028862E+04 0.39000000E+03 0.85026605E-01 0.00000000E+00 0.00000000E+00 1.80000000E+00 0.00000000E+00
     0.000 624.18948   265.137     AA L 2A222A2
 0.27138493E+04 0.39000000E+03 0.86610290E-01 0.00000000E+00 0.00000000E+00 1.80000000E+00 0.00000000E+00
     0.000 582.45085   261.873     AA L 2A222A2
 0.21687280E+04 0.39000000E+03 0.88148195E-01 0.00000000E+00 0.00000000E+00 1.80000000E+00 0.00000000E+00
     0.000 543.50321   258.580     AA L 2A222A2
 0.17377871E+04 0.39000000E+03 0.89611518E-01 0.00000000E+00 0.00000000E+00 1.80000000E+00 0.00000000E+00
     0.000 507.15995   255.286     AA L 2A222A2
 0.13924772E+04 0.39000000E+03 0.91099133E-01 0.00000000E+00 0.00000000E+00 1.80000000E+00 0.00000000E+00
     0.000 473.24690   251.787     AA L 2A222A2
 0.10939587E+04 0.39000000E+03 0.92830434E-01 0.00000000E+00 0.00000000E+00 1.80000000E+00 0.00000000E+00
     0.000 441.60158   248.234     AA L 2A222A2
 0.85505818E+03 0.39000000E+03 0.94652422E-01 0.00000000E+00 0.00000000E+00 1.80000000E+00 0.00000000E+00
     0.000 412.07232   244.682     AA L 2A222A2
 0.66832803E+03 0.39000000E+03 0.96510183E-01 0.00000000E+00 0.00000000E+00 1.80000000E+00 0.00000000E+00
     0.000 384.51765   241.050     AA L 2A222A2
 0.50256107E+03 0.39000000E+03 0.99902309E-01 0.00000000E+00 0.00000000E+00 1.80000000E+00 0.00000000E+00
     0.000 358.80552   237.357     AA L 2A222A2
 0.36705986E+03 0.39000000E+03 0.10459717E+00 0.00000000E+00 0.00000000E+00 1.80000000E+00 0.00000000E+00
     0.000 334.81272   233.665     AA L 2A222A2
 0.26809267E+03 0.39000000E+03 0.10951267E+00 0.00000000E+00 0.00000000E+00 1.80000000E+00 0.00000000E+00
     0.000 312.42428   229.973     AA L 2A222A2
 0.19580915E+03 0.39000000E+03 0.11465917E+00 0.00000000E+00 0.00000000E+00 1.80000000E+00 0.00000000E+00
     0.000 291.53293   226.478     AA L 2A222A2
 0.14005675E+03 0.39000000E+03 0.12452914E+00 0.00000000E+00 0.00000000E+00 1.80000000E+00 0.00000000E+00
     0.000 272.03855   223.261     AA L 2A222A2
 0.97254969E+02 0.39000000E+03 0.14246050E+00 0.00000000E+00 0.00000000E+00 1.80000000E+00 0.00000000E+00
     0.000 253.84773   220.045     AA L 2A222A2
 0.67533547E+02 0.39000000E+03 0.16297384E+00 0.00000000E+00 0.00000000E+00 1.80000000E+00 0.00000000E+00
     0.000 236.87330   218.253     AA L 2A222A2
 0.46781838E+02 0.39000000E+03 0.19636673E+00 0.00000000E+00 0.00000000E+00 1.80000000E+00 0.00000000E+00
     0.000 221.03393   216.865     AA L 2A222A2
 0.32384534E+02 0.39000000E+03 0.24010271E+00 0.00000000E+00 0.00000000E+00 1.80000000E+00 0.00000000E+00
     0.000 206.25372   215.477     AA L 2A222A2
 0.22418060E+02 0.39000000E+03 0.29357982E+00 0.00000000E+00 0.00000000E+00 1.80000000E+00 0.00000000E+00
     0.000 192.46183   215.106     AA L 2A222A2
 0.16117640E+02 0.39000000E+03 0.34224965E+00 0.00000000E+00 0.00000000E+00 1.80000000E+00 0.00000000E+00
     0.000 179.59219   215.550     AA L 2A222A2
 0.11944949E+02 0.39000000E+03 0.38402545E+00 0.00000000E+00 0.00000000E+00 1.80000000E+00 0.00000000E+00
     0.000 167.58312   215.994     AA L 2A222A2
 0.88525239E+01 0.39000000E+03 0.43090049E+00 0.00000000E+00 0.00000000E+00 1.80000000E+00 0.00000000E+00
     0.000 156.37708   216.439     AA L 2A222A2
 0.65606963E+01 0.39000000E+03 0.48349722E+00 0.00000000E+00 0.00000000E+00 1.80000000E+00 0.00000000E+00
     0.000 145.92038   216.426     AA L 2A222A2
 0.53133740E+01 0.39000000E+03 0.53573927E+00 0.00000000E+00 0.00000000E+00 1.80000000E+00 0.00000000E+00
     0.000 136.16290   215.724     AA L 2A222A2
 0.49201703E+01 0.39000000E+03 0.58246861E+00 0.00000000E+00 0.00000000E+00 1.80000000E+00 0.00000000E+00
     0.000 127.05788   215.022     AA L 2A222A2
 0.45560624E+01 0.39000000E+03 0.63327425E+00 0.00000000E+00 0.00000000E+00 1.80000000E+00 0.00000000E+00
     0.000 118.56171   214.320     AA L 2A222A2
 0.42189018E+01 0.39000000E+03 0.68851099E+00 0.00000000E+00 0.00000000E+00 1.80000000E+00 0.00000000E+00
     0.000 110.63366   213.618     AA L 2A222A2
 0.39066920E+01 0.39000000E+03 0.74856571E+00 0.00000000E+00 0.00000000E+00 1.80000000E+00 0.00000000E+00
     0.000 103.23575   212.916     AA L 2A222A2
 0.36175865E+01 0.39000000E+03 0.81385864E+00 0.00000000E+00 0.00000000E+00 1.80000000E+00 0.00000000E+00
     0.000 96.332529   212.420     AA L 2A222A2
 0.35006663E+01 0.39000000E+03 0.89865142E+00 0.00000000E+00 0.00000000E+00 1.80000000E+00 0.00000000E+00
     0.000 89.890914   212.101     AA L 2A222A2
 0.35170624E+01 0.39000000E+03 0.10054583E+01 0.00000000E+00 0.00000000E+00 1.80000000E+00 0.00000000E+00
     0.000 83.880040   211.781     AA L 2A222A2
 0.35335353E+01 0.39000000E+03 0.11249585E+01 0.00000000E+00 0.00000000E+00 1.80000000E+00 0.00000000E+00
     0.000 78.271105   211.462     AA L 2A222A2
 0.35500853E+01 0.39000000E+03 0.12586616E+01 0.00000000E+00 0.00000000E+00 1.80000000E+00 0.00000000E+00
     0.000 73.037230   211.142     AA L 2A222A2
 0.35667128E+01 0.39000000E+03 0.14082554E+01 0.00000000E+00 0.00000000E+00 1.80000000E+00 0.00000000E+00
     0.000 68.153338   211.194     AA L 2A222A2
 0.36048011E+01 0.39000000E+03 0.15619217E+01 0.00000000E+00 0.00000000E+00 1.80000000E+00 0.00000000E+00
     0.000 63.596024   211.835     AA L 2A222A2
 0.36778960E+01 0.39000000E+03 0.17084746E+01 0.00000000E+00 0.00000000E+00 1.80000000E+00 0.00000000E+00
     0.000 59.343451   212.477     AA L 2A222A2
 0.37524735E+01 0.39000000E+03 0.18687795E+01 0.00000000E+00 0.00000000E+00 1.80000000E+00 0.00000000E+00
     0.000 55.375241   213.118     AA L 2A222A2
 0.38285627E+01 0.39000000E+03 0.20441244E+01 0.00000000E+00 0.00000000E+00 1.80000000E+00 0.00000000E+00
     0.000 51.672380   213.760     AA L 2A222A2
 0.39061948E+01 0.39000000E+03 0.22359216E+01 0.00000000E+00 0.00000000E+00 1.80000000E+00 0.00000000E+00
     0.000 48.217124   214.577     AA L 2A222A2
 0.39710907E+01 0.39000000E+03 0.24237562E+01 0.00000000E+00 0.00000000E+00 1.80000000E+00 0.00000000E+00
     0.000 44.992915   215.553     AA L 2A222A2
 0.40239278E+01 0.39000000E+03 0.26059866E+01 0.00000000E+00 0.00000000E+00 1.80000000E+00 0.00000000E+00
     0.000 41.984305   216.529     AA L 2A222A2
 0.40774677E+01 0.39000000E+03 0.28019173E+01 0.00000000E+00 0.00000000E+00 1.80000000E+00 0.00000000E+00
     0.000 39.176876   217.505     AA L 2A222A2
 0.41317200E+01 0.39000000E+03 0.30125790E+01 0.00000000E+00 0.00000000E+00 1.80000000E+00 0.00000000E+00
     0.000 36.557175   218.481     AA L 2A222A2
 0.41866943E+01 0.39000000E+03 0.32390801E+01 0.00000000E+00 0.00000000E+00 1.80000000E+00 0.00000000E+00
     0.000 34.112651   219.458     AA L 2A222A2
 0.42423999E+01 0.39000000E+03 0.34826099E+01 0.00000000E+00 0.00000000E+00 1.80000000E+00 0.00000000E+00
     0.000 31.831588   220.434     AA L 2A222A2
 0.42988467E+01 0.39000000E+03 0.37444494E+01 0.00000000E+00 0.00000000E+00 1.80000000E+00 0.00000000E+00
     0.000 29.703056   221.382     AA L 2A222A2
 0.43528663E+01 0.39000000E+03 0.40241230E+01 0.00000000E+00 0.00000000E+00 1.80000000E+00 0.00000000E+00
     0.000 27.716856   222.162     AA L 2A222A2
 0.43884406E+01 0.39000000E+03 0.43128380E+01 0.00000000E+00 0.00000000E+00 1.80000000E+00 0.00000000E+00
     0.000 25.863470   222.943     AA L 2A222A2
 0.44243058E+01 0.39000000E+03 0.46222681E+01 0.00000000E+00 0.00000000E+00 1.80000000E+00 0.00000000E+00
     0.000 24.134018   223.724     AA L 2A222A2
 0.44604639E+01 0.39000000E+03 0.49538976E+01 0.00000000E+00 0.00000000E+00 1.80000000E+00 0.00000000E+00
     0.000 22.520212   224.505     AA L 2A222A2
 0.44969176E+01 0.39000000E+03 0.53093202E+01 0.00000000E+00 0.00000000E+00 1.80000000E+00 0.00000000E+00
     0.000 21.014318   225.285     AA L 2A222A2
 0.45336693E+01 0.39000000E+03 0.56902443E+01 0.00000000E+00 0.00000000E+00 1.80000000E+00 0.00000000E+00
     0.000 19.609121   226.065     AA L 2A222A2
 0.45660671E+01 0.39000000E+03 0.60302527E+01 0.00000000E+00 0.00000000E+00 1.80000000E+00 0.00000000E+00
     0.000 18.297888   226.844     AA L 2A222A2
 0.45869687E+01 0.39000000E+03 0.62128408E+01 0.00000000E+00 0.00000000E+00 1.80000000E+00 0.00000000E+00
     0.000 17.074335   227.622     AA L 2A222A2
 0.46079660E+01 0.39000000E+03 0.64009580E+01 0.00000000E+00 0.00000000E+00 1.80000000E+00 0.00000000E+00
     0.000 15.932599   228.400     AA L 2A222A2
 0.46290593E+01 0.39000000E+03 0.65947705E+01 0.00000000E+00 0.00000000E+00 1.80000000E+00 0.00000000E+00
     0.000 14.867210   229.178     AA L 2A222A2
 0.46502492E+01 0.39000000E+03 0.67944514E+01 0.00000000E+00 0.00000000E+00 1.80000000E+00 0.00000000E+00
     0.000 13.873061   229.956     AA L 2A222A2
 0.46715362E+01 0.39000000E+03 0.70001790E+01 0.00000000E+00 0.00000000E+00 1.80000000E+00 0.00000000E+00
     0.000 12.945390   230.735     AA L 2A222A2
 0.46929205E+01 0.39000000E+03 0.72121351E+01 0.00000000E+00 0.00000000E+00 1.80000000E+00 0.00000000E+00
     0.000 12.079750   231.513     AA L 2A222A2
 0.47144027E+01 0.39000000E+03 0.74305090E+01 0.00000000E+00 0.00000000E+00 1.80000000E+00 0.00000000E+00
     0.000 11.271995   232.291     AA L 2A222A2
 0.47359834E+01 0.39000000E+03 0.76554957E+01 0.00000000E+00 0.00000000E+00 1.80000000E+00 0.00000000E+00
     0.000 10.518253   233.069     AA L 2A222A2
 0.47576627E+01 0.39000000E+03 0.78872940E+01 0.00000000E+00 0.00000000E+00 1.80000000E+00 0.00000000E+00
     0.000 9.8149136   233.844     AA L 2A222A2
 0.47766824E+01 0.39000000E+03 0.80834283E+01 0.00000000E+00 0.00000000E+00 1.80000000E+00 0.00000000E+00
     0.000 9.1586047   234.611     AA L 2A222A2
 0.47882946E+01 0.39000000E+03 0.81672788E+01 0.00000000E+00 0.00000000E+00 1.80000000E+00 0.00000000E+00
     0.000 8.5461822   235.378     AA L 2A222A2
 0.47999350E+01 0.39000000E+03 0.82519988E+01 0.00000000E+00 0.00000000E+00 1.80000000E+00 0.00000000E+00
     0.000 7.9747115   236.145     AA L 2A222A2
 0.48116038E+01 0.39000000E+03 0.83375980E+01 0.00000000E+00 0.00000000E+00 1.80000000E+00 0.00000000E+00
     0.000 7.4414542   236.912     AA L 2A222A2
 0.48233008E+01 0.39000000E+03 0.84240847E+01 0.00000000E+00 0.00000000E+00 1.80000000E+00 0.00000000E+00
     0.000 6.9438551   237.670     AA L 2A222A2
 0.48353023E+01 0.39000000E+03 0.84997220E+01 0.00000000E+00 0.00000000E+00 1.80000000E+00 0.00000000E+00
     0.000 6.4795297   238.367     AA L 2A222A2
 0.48494349E+01 0.39000000E+03 0.84865627E+01 0.00000000E+00 0.00000000E+00 1.80000000E+00 0.00000000E+00
     0.000 6.0462530   239.064     AA L 2A222A2
 0.48636087E+01 0.39000000E+03 0.84734238E+01 0.00000000E+00 0.00000000E+00 1.80000000E+00 0.00000000E+00
     0.000 5.6419489   239.762     AA L 2A222A2
 0.48778241E+01 0.39000000E+03 0.84603052E+01 0.00000000E+00 0.00000000E+00 1.80000000E+00 0.00000000E+00
     0.000 5.2646800   240.459     AA L 2A222A2
 0.48920809E+01 0.39000000E+03 0.84472070E+01 0.00000000E+00 0.00000000E+00 1.80000000E+00 0.00000000E+00
     0.000 4.9126386   241.221     AA L 2A222A2
 0.49085108E+01 0.39000000E+03 0.83876248E+01 0.00000000E+00 0.00000000E+00 1.80000000E+00 0.00000000E+00
     0.000 4.5841377   242.174     AA L 2A222A2
 0.49312592E+01 0.39000000E+03 0.81947923E+01 0.00000000E+00 0.00000000E+00 1.80000000E+00 0.00000000E+00
     0.000 4.2776031   243.127     AA L 2A222A2
 0.49541131E+01 0.39000000E+03 0.80063926E+01 0.00000000E+00 0.00000000E+00 1.80000000E+00 0.00000000E+00
     0.000 3.9915660   244.080     AA L 2A222A2
 0.49770729E+01 0.39000000E+03 0.78223243E+01 0.00000000E+00 0.00000000E+00 1.80000000E+00 0.00000000E+00
     0.000 3.7246558   245.033     AA L 2A222A2
 0.50001391E+01 0.39000000E+03 0.76424878E+01 0.00000000E+00 0.00000000E+00 1.80000000E+00 0.00000000E+00
     0.000 3.4755936   245.986     AA L 2A222A2
 0.50233122E+01 0.39000000E+03 0.74667860E+01 0.00000000E+00 0.00000000E+00 1.80000000E+00 0.00000000E+00
     0.000 3.2431857   246.939     AA L 2A222A2
 0.50465927E+01 0.39000000E+03 0.72951234E+01 0.00000000E+00 0.00000000E+00 1.80000000E+00 0.00000000E+00
     0.000 3.0263186   247.892     AA L 2A222A2
 0.50699811E+01 0.39000000E+03 0.71274076E+01 0.00000000E+00 0.00000000E+00 1.80000000E+00 0.00000000E+00
     0.000 2.8239531   249.278     AA L 2A222A2
 0.50987190E+01 0.39000000E+03 0.68207473E+01 0.00000000E+00 0.00000000E+00 1.80000000E+00 0.00000000E+00
     0.000 2.6351195   250.728     AA L 2A222A2
 0.51283814E+01 0.39000000E+03 0.65077772E+01 0.00000000E+00 0.00000000E+00 1.80000000E+00 0.00000000E+00
     0.000 2.4589129   252.178     AA L 2A222A2
 0.51582164E+01 0.39000000E+03 0.62091675E+01 0.00000000E+00 0.00000000E+00 1.80000000E+00 0.00000000E+00
     0.000 2.2944890   253.627     AA L 2A222A2
 0.51882250E+01 0.39000000E+03 0.59242593E+01 0.00000000E+00 0.00000000E+00 1.80000000E+00 0.00000000E+00
     0.000 2.1410599   255.077     AA L 2A222A2
 0.52184081E+01 0.39000000E+03 0.56524242E+01 0.00000000E+00 0.00000000E+00 1.80000000E+00 0.00000000E+00
     0.000 1.9978904   256.514     AA L 2A222A2
 0.52485542E+01 0.39000000E+03 0.53923169E+01 0.00000000E+00 0.00000000E+00 1.80000000E+00 0.00000000E+00
     0.000 1.8642944   257.193     AA L 2A222A2
 0.52650806E+01 0.39000000E+03 0.50984562E+01 0.00000000E+00 0.00000000E+00 1.80000000E+00 0.00000000E+00
     0.000 1.7396317   257.871     AA L 2A222A2
 0.52816590E+01 0.39000000E+03 0.48206096E+01 0.00000000E+00 0.00000000E+00 1.80000000E+00 0.00000000E+00
     0.000 1.6233051   258.549     AA L 2A222A2
 0.52982896E+01 0.39000000E+03 0.45579047E+01 0.00000000E+00 0.00000000E+00 1.80000000E+00 0.00000000E+00
     0.000 1.5147570   259.227     AA L 2A222A2
 0.53149726E+01 0.39000000E+03 0.43095164E+01 0.00000000E+00 0.00000000E+00 1.80000000E+00 0.00000000E+00
     0.000 1.4134675   259.905     AA L 2A222A2
 0.53317081E+01 0.39000000E+03 0.40746640E+01 0.00000000E+00 0.00000000E+00 1.80000000E+00 0.00000000E+00
     0.000 1.3189510   260.583     AA L 2A222A2
 0.53484963E+01 0.39000000E+03 0.38526103E+01 0.00000000E+00 0.00000000E+00 1.80000000E+00 0.00000000E+00
     0.000 1.2307546   261.261     AA L 2A222A2
 0.53653374E+01 0.39000000E+03 0.36426578E+01 0.00000000E+00 0.00000000E+00 1.80000000E+00 0.00000000E+00
     0.000 1.1484559   261.939     AA L 2A222A2
 0.53822315E+01 0.39000000E+03 0.34441468E+01 0.00000000E+00 0.00000000E+00 1.80000000E+00 0.00000000E+00
     0.000 1.0716603   262.617     AA L 2A222A2
 0.53991788E+01 0.39000000E+03 0.32564539E+01 0.00000000E+00 0.00000000E+00 1.80000000E+00 0.00000000E+00
     0.000 0.9999999   263.295     AA L 2A222A2
 0.54161795E+01 0.39000000E+03 0.30789894E+01 0.00000000E+00 0.00000000E+00 1.80000000E+00 0.00000000E+00
     0.000 0.7943282   265.551     AA L 2A222A2
 0.54731268E+01 0.39000000E+03 0.25552893E+01 0.00000000E+00 0.00000000E+00 1.80000000E+00 0.00000000E+00
     0.000 0.6309573   267.807     AA L 2A222A2
 0.55306729E+01 0.39000000E+03 0.21206646E+01 0.00000000E+00 0.00000000E+00 1.80000000E+00 0.00000000E+00
     0.000 0.5011872   270.063     AA L 2A222A2
 0.55888241E+01 0.39000000E+03 0.17599642E+01 0.00000000E+00 0.00000000E+00 1.80000000E+00 0.00000000E+00
     0.000 0.3981071   272.319     AA L 2A222A2
 0.56475866E+01 0.39000000E+03 0.14606149E+01 0.00000000E+00 0.00000000E+00 1.80000000E+00 0.00000000E+00
     0.000 0.3162277   274.575     AA L 2A222A2
 0.57069670E+01 0.39000000E+03 0.12121814E+01 0.00000000E+00 0.00000000E+00 1.80000000E+00 0.00000000E+00
     0.000 0.2511886   276.831     AA L 2A222A2
 0.57669718E+01 0.39000000E+03 0.10060036E+01 0.00000000E+00 0.00000000E+00 1.80000000E+00 0.00000000E+00
     0.000 0.1995262   279.087     AA L 2A222A2
 0.58276074E+01 0.39000000E+03 0.83489415E+00 0.00000000E+00 0.00000000E+00 1.80000000E+00 0.00000000E+00
     0.000 0.1584893   281.343     AA L 2A222A2
 0.58888807E+01 0.39000000E+03 0.69288838E+00 0.00000000E+00 0.00000000E+00 1.80000000E+00 0.00000000E+00
     0.000 0.1258925   283.599     AA L 2A222A2
 0.59507981E+01 0.39000000E+03 0.57503614E+00 0.00000000E+00 0.00000000E+00 1.80000000E+00 0.00000000E+00
     0.000 0.1000000   285.855     AA L 2A222A2
 0.60133666E+01 0.39000000E+03 0.47722923E+00 0.00000000E+00 0.00000000E+00 1.80000000E+00 0.00000000E+00