     0.000 1013.2500   293.767     AA L 2AA22A2
 0.66020864E+04 0.39000000E+03 3.85847313E-02 0.00000000E+00 0.00000000E+00 1.80000000E+00 0.00000000E+00
     0.000 945.49545   289.582     AA L 2AA22A2
 0.63694899E+04 0.39000000E+03 4.03336137E-02 0.00000000E+00 0.00000000E+00 1.80000000E+00 0.00000000E+00
     0.000 882.27156   285.250     AA L 2AA22A2
 0.60290974E+04 0.39000000E+03 4.19232826E-02 0.00000000E+00 0.00000000E+00 1.80000000E+00 0.00000000E+00
     0.000 823.27535   280.639     AA L 2AA22A2
 0.55364632E+04 0.39000000E+03 4.34539529E-02 0.00000000E+00 0.00000000E+00 1.80000000E+00 0.00000000E+00
     0.000 768.22413   275.891     AA L 2AA22A2
 0.49242404E+04 0.39000000E+03 4.49917906E-02 0.00000000E+00 0.00000000E+00 1.80000000E+00 0.00000000E+00
     0.000 716.85411   271.883     AA L 2AA22A2
 0.41772546E+04 0.39000000E+03 4.65776821E-02 0.00000000E+00 0.00000000E+00 1.80000000E+00 0.00000000E+00
     0.000 668.91912   268.378     AA L 2AA22A2
 0.34028862E+04 0.39000000E+03 4.82340231E-02 0.00000000E+00 0.00000000E+00 1.80000000E+00 0.00000000E+00
     0.000 624.18948   265.137     AA L 2AA22A2
 0.27138493E+04 0.39000000E+03 4.99699424E-02 0.00000000E+00 0.00000000E+00 1.80000000E+00 0.00000000E+00
     0.000 582.45085   261.873     AA L 2AA22A2
 0.21687280E+04 0.39000000E+03 5.17852971E-02 0.00000000E+00 0.00000000E+00 1.80000000E+00 0.00000000E+00
     0.000 543.50321   258.580     AA L 2AA22A2
 0.17377871E+04 0.39000000E+03 5.36730660E-02 0.00000000E+00 0.00000000E+00 1.80000000E+00 0.00000000E+00
     0.000 507.15995   255.286     AA L 2AA22A2
 0.13924772E+04 0.39000000E+03 5.55989340E-02 0.00000000E+00 0.00000000E+00 1.80000000E+00 0.00000000E+00
     0.000 473.24690   251.787     AA L 2AA22A2
 0.10939587E+04 0.39000000E+03 5.75288556E-02 0.00000000E+00 0.00000000E+00 1.80000000E+00 0.00000000E+00
     0.000 441.60158   248.234     AA L 2AA22A2
 0.85505818E+03 0.39000000E+03 5.95292994E-02 0.00000000E+00 0.00000000E+00 1.80000000E+00 0.00000000E+00
     0.000 412.07232   244.682     AA L 2AA22A2
 0.66832803E+03 0.39000000E+03 6.17736521E-02 0.00000000E+00 0.00000000E+00 1.80000000E+00 0.00000000E+00
     0.000 384.51765   241.050     AA L 2AA22A2
 0.50256107E+03 0.39000000E+03 6.44397152E-02 0.00000000E+00 0.00000000E+00 1.80000000E+00 0.00000000E+00
     0.000 358.80552   237.357     AA L 2AA22A2
 0.36705986E+03 0.39000000E+03 6.78202710E-02 0.00000000E+00 0.00000000E+00 1.80000000E+00 0.00000000E+00
     0.000 334.81272   233.665     AA L 2AA22A2
 0.26809267E+03 0.39000000E+03 7.22779789E-02 0.00000000E+00 0.00000000E+00 1.80000000E+00 0.00000000E+00
     0.000 312.42428   229.973     AA L 2AA22A2
 0.19580915E+03 0.39000000E+03 7.83276290E-02 0.00000000E+00 0.00000000E+00 1.80000000E+00 0.00000000E+00
     0.000 291.53293   226.478     AA L 2AA22A2
 0.14005675E+03 0.39000000E+03 8.65498421E-02 0.00000000E+00 0.00000000E+00 1.80000000E+00 0.00000000E+00
     0.000 272.03855   223.261     AA L 2AA22A2
 0.97254969E+02 0.39000000E+03 9.76473772E-02 0.00000000E+00 0.00000000E+00 1.80000000E+00 0.00000000E+00
     0.000 253.84773   220.045     AA L 2AA22A2
 0.67533547E+02 0.39000000E+03 1.12279301E-01 0.00000000E+00 0.00000000E+00 1.80000000E+00 0.00000000E+00
     0.000 236.87330   218.253     AA L 2AA22A2
 0.46781838E+02 0.39000000E+03 1.30937223E-01 0.00000000E+00 0.00000000E+00 1.80000000E+00 0.00000000E+00
     0.000 221.03393   216.865     AA L 2AA22A2
 0.32384534E+02 0.39000000E+03 1.53787966E-01 0.00000000E+00 0.00000000E+00 1.80000000E+00 0.00000000E+00
     0.000 206.25372   215.477     AA L 2AA22A2
 0.22418060E+02 0.39000000E+03 1.80094256E-01 0.00000000E+00 0.00000000E+00 1.80000000E+00 0.00000000E+00
     0.000 192.46183   215.106     AA L 2AA22A2
 0.16117640E+02 0.39000000E+03 2.08141333E-01 0.00000000E+00 0.00000000E+00 1.80000000E+00 0.00000000E+00
     0.000 179.59219   215.550     AA L 2AA22A2
 0.11944949E+02 0.39000000E+03 2.36320077E-01 0.00000000E+00 0.00000000E+00 1.80000000E+00 0.00000000E+00
     0.000 167.58312   215.994     AA L 2AA22A2
 0.88525239E+01 0.39000000E+03 2.63712203E-01 0.00000000E+00 0.00000000E+00 1.80000000E+00 0.00000000E+00
     0.000 156.37708   216.439     AA L 2AA22A2
 0.65606963E+01 0.39000000E+03 2.89838662E-01 0.00000000E+00 0.00000000E+00 1.80000000E+00 0.00000000E+00
     0.000 145.92038   216.426     AA L 2AA22A2
 0.53133740E+01 0.39000000E+03 3.15126216E-01 0.00000000E+00 0.00000000E+00 1.80000000E+00 0.00000000E+00
     0.000 136.16290   215.724     AA L 2AA22A2
 0.49201703E+01 0.39000000E+03 3.40828425E-01 0.00000000E+00 0.00000000E+00 1.80000000E+00 0.00000000E+00
     0.000 127.05788   215.022     AA L 2AA22A2
 0.45560624E+01 0.39000000E+03 3.69194156E-01 0.00000000E+00 0.00000000E+00 1.80000000E+00 0.00000000E+00
     0.000 118.56171   214.320     AA L 2AA22A2
 0.42189018E+01 0.39000000E+03 4.02776263E-01 0.00000000E+00 0.00000000E+00 1.80000000E+00 0.00000000E+00
     0.000 110.63366   213.618     AA L 2AA22A2
 0.39066920E+01 0.39000000E+03 4.44243204E-01 0.00000000E+00 0.00000000E+00 1.80000000E+00 0.00000000E+00
     0.000 103.23575   212.916     AA L 2AA22A2
 0.36175865E+01 0.39000000E+03 4.96460511E-01 0.00000000E+00 0.00000000E+00 1.80000000E+00 0.00000000E+00
     0.000 96.332529   212.420     AA L 2AA22A2
 0.35006663E+01 0.39000000E+03 5.62606240E-01 0.00000000E+00 0.00000000E+00 1.80000000E+00 0.00000000E+00
     0.000 89.890914   212.101     AA L 2AA22A2
 0.35170624E+01 0.39000000E+03 6.45951049E-01 0.00000000E+00 0.00000000E+00 1.80000000E+00 0.00000000E+00
     0.000 83.880040   211.781     AA L 2AA22A2
 0.35335353E+01 0.39000000E+03 7.49110486E-01 0.00000000E+00 0.00000000E+00 1.80000000E+00 0.00000000E+00
     0.000 78.271105   211.462     AA L 2AA22A2
 0.35500853E+01 0.39000000E+03 8.73998139E-01 0.00000000E+00 0.00000000E+00 1.80000000E+00 0.00000000E+00
     0.000 73.037230   211.142     AA L 2AA22A2
 0.35667128E+01 0.39000000E+03 1.02336423E+00 0.00000000E+00 0.00000000E+00 1.80000000E+00 0.00000000E+00
     0.000 68.153338   211.194     AA L 2AA22A2
 0.36048011E+01 0.39000000E+03 1.20363330E+00 0.00000000E+00 0.00000000E+00 1.80000000E+00 0.00000000E+00
     0.000 63.596024   211.835     AA L 2AA22A2
 0.36778960E+01 0.39000000E+03 1.42015208E+00 0.00000000E+00 0.00000000E+00 1.80000000E+00 0.00000000E+00
     0.000 59.343451   212.477     AA L 2AA22A2
 0.37524735E+01 0.39000000E+03 1.67329487E+00 0.00000000E+00 0.00000000E+00 1.80000000E+00 0.00000000E+00
     0.000 55.375241   213.118     AA L 2AA22A2
 0.38285627E+01 0.39000000E+03 1.95686105E+00 0.00000000E+00 0.00000000E+00 1.80000000E+00 0.00000000E+00
     0.000 51.672380   213.760     AA L 2AA22A2
 0.39061948E+01 0.39000000E+03 2.26123887E+00 0.00000000E+00 0.00000000E+00 1.80000000E+00 0.00000000E+00
     0.000 48.217124   214.577     AA L 2AA22A2
 0.39710907E+01 0.39000000E+03 2.58347222E+00 0.00000000E+00 0.00000000E+00 1.80000000E+00 0.00000000E+00
     0.000 44.992915   215.553     AA L 2AA22A2
 0.40239278E+01 0.39000000E+03 2.92804582E+00 0.00000000E+00 0.00000000E+00 1.80000000E+00 0.00000000E+00
     0.000 41.984305   216.529     AA L 2AA22A2
 0.40774677E+01 0.39000000E+03 3.29509691E+00 0.00000000E+00 0.00000000E+00 1.80000000E+00 0.00000000E+00
     0.000 39.176876   217.505     AA L 2AA22A2
 0.41317200E+01 0.39000000E+03 3.67167491E+00 0.00000000E+00 0.00000000E+00 1.80000000E+00 0.00000000E+00
     0.000 36.557175   218.481     AA L 2AA22A2
 0.41866943E+01 0.39000000E+03 4.03795979E+00 0.00000000E+00 0.00000000E+00 1.80000000E+00 0.00000000E+00
     0.000 34.112651   219.458     AA L 2AA22A2
 0.42423999E+01 0.39000000E+03 4.38136456E+00 0.00000000E+00 0.00000000E+00 1.80000000E+00 0.00000000E+00
     0.000 31.831588   220.434     AA L 2AA22A2
 0.42988467E+01 0.39000000E+03 4.70662364E+00 0.00000000E+00 0.00000000E+00 1.80000000E+00 0.00000000E+00
     0.000 29.703056   221.382     AA L 2AA22A2
 0.43528663E+01 0.39000000E+03 5.02711447E+00 0.00000000E+00 0.00000000E+00 1.80000000E+00 0.00000000E+00
     0.000 27.716856   222.162     AA L 2AA22A2
 0.43884406E+01 0.39000000E+03 5.35138357E+00 0.00000000E+00 0.00000000E+00 1.80000000E+00 0.00000000E+00
     0.000 25.863470   222.943     AA L 2AA22A2
 0.44243058E+01 0.39000000E+03 5.68213878E+00 0.00000000E+00 0.00000000E+00 1.80000000E+00 0.00000000E+00
     0.000 24.134018   223.724     AA L 2AA22A2
 0.44604639E+01 0.39000000E+03 6.01691524E+00 0.00000000E+00 0.00000000E+00 1.80000000E+00 0.00000000E+00
     0.000 22.520212   224.505     AA L 2AA22A2
 0.44969176E+01 0.39000000E+03 6.34736648E+00 0.00000000E+00 0.00000000E+00 1.80000000E+00 0.00000000E+00
     0.000 21.014318   225.285     AA L 2AA22A2
 0.45336693E+01 0.39000000E+03 6.66618874E+00 0.00000000E+00 0.00000000E+00 1.80000000E+00 0.00000000E+00
     0.000 19.609121   226.065     AA L 2AA22A2
 0.45660671E+01 0.39000000E+03 6.96767259E+00 0.00000000E+00 0.00000000E+00 1.80000000E+00 0.00000000E+00
     0.000 18.297888   226.844     AA L 2AA22A2
 0.45869687E+01 0.39000000E+03 7.24768956E+00 0.00000000E+00 0.00000000E+00 1.80000000E+00 0.00000000E+00
     0.000 17.074335   227.622     AA L 2AA22A2
 0.46079660E+01 0.39000000E+03 7.50097078E+00 0.00000000E+00 0.00000000E+00 1.80000000E+00 0.00000000E+00
     0.000 15.932599   228.400     AA L 2AA22A2
 0.46290593E+01 0.39000000E+03 7.71821531E+00 0.00000000E+00 0.00000000E+00 1.80000000E+00 0.00000000E+00
     0.000 14.867210   229.178     AA L 2AA22A2
 0.46502492E+01 0.39000000E+03 7.89294879E+00 0.00000000E+00 0.00000000E+00 1.80000000E+00 0.00000000E+00
     0.000 13.873061   229.956     AA L 2AA22A2
 0.46715362E+01 0.39000000E+03 8.02648866E+00 0.00000000E+00 0.00000000E+00 1.80000000E+00 0.00000000E+00
     0.000 12.945390   230.735     AA L 2AA22A2
 0.46929205E+01 0.39000000E+03 8.12460878E+00 0.00000000E+00 0.00000000E+00 1.80000000E+00 0.00000000E+00
     0.000 12.079750   231.513     AA L 2AA22A2
 0.47144027E+01 0.39000000E+03 8.19441472E+00 0.00000000E+00 0.00000000E+00 1.80000000E+00 0.00000000E+00
     0.000 11.271995   232.291     AA L 2AA22A2
 0.47359834E+01 0.39000000E+03 8.24363695E+00 0.00000000E+00 0.00000000E+00 1.80000000E+00 0.00000000E+00
     0.000 10.518253   233.069     AA L 2AA22A2
 0.47576627E+01 0.39000000E+03 8.28233687E+00 0.00000000E+00 0.00000000E+00 1.80000000E+00 0.00000000E+00
     0.000 9.8149136   233.844     AA L 2AA22A2
 0.47766824E+01 0.39000000E+03 8.31968236E+00 0.00000000E+00 0.00000000E+00 1.80000000E+00 0.00000000E+00
     0.000 9.1586047   234.611     AA L 2AA22A2
 0.47882946E+01 0.39000000E+03 8.35836124E+00 0.00000000E+00 0.00000000E+00 1.80000000E+00 0.00000000E+00
     0.000 8.5461822   235.378     AA L 2AA22A2
 0.47999350E+01 0.39000000E+03 8.39554598E+00 0.00000000E+00 0.00000000E+00 1.80000000E+00 0.00000000E+00
     0.000 7.9747115   236.145     AA L 2AA22A2
 0.48116038E+01 0.39000000E+03 8.42890505E+00 0.00000000E+00 0.00000000E+00 1.80000000E+00 0.00000000E+00
     0.000 7.4414542   236.912     AA L 2AA22A2
 0.48233008E+01 0.39000000E+03 8.45798875E+00 0.00000000E+00 0.00000000E+00 1.80000000E+00 0.00000000E+00
     0.000 6.9438551   237.670     AA L 2AA22A2
 0.48353023E+01 0.39000000E+03 8.48386903E+00 0.00000000E+00 0.00000000E+00 1.80000000E+00 0.00000000E+00
     0.000 6.4795297   238.367     AA L 2AA22A2
 0.48494349E+01 0.39000000E+03 8.50564633E+00 0.00000000E+00 0.00000000E+00 1.80000000E+00 0.00000000E+00
     0.000 6.0462530   239.064     AA L 2AA22A2
 0.48636087E+01 0.39000000E+03 8.51713479E+00 0.00000000E+00 0.00000000E+00 1.80000000E+00 0.00000000E+00
     0.000 5.6419489   239.762     AA L 2AA22A2
 0.48778241E+01 0.39000000E+03 8.50913956E+00 0.00000000E+00 0.00000000E+00 1.80000000E+00 0.00000000E+00
     0.000 5.2646800   240.459     AA L 2AA22A2
 0.48920809E+01 0.39000000E+03 8.47426211E+00 0.00000000E+00 0.00000000E+00 1.80000000E+00 0.00000000E+00
     0.000 4.9126386   241.221     AA L 2AA22A2
 0.49085108E+01 0.39000000E+03 8.41282507E+00 0.00000000E+00 0.00000000E+00 1.80000000E+00 0.00000000E+00
     0.000 4.5841377   242.174     AA L 2AA22A2
 0.49312592E+01 0.39000000E+03 8.32955645E+00 0.00000000E+00 0.00000000E+00 1.80000000E+00 0.00000000E+00
     0.000 4.2776031   243.127     AA L 2AA22A2
 0.49541131E+01 0.39000000E+03 8.22631176E+00 0.00000000E+00 0.00000000E+00 1.80000000E+00 0.00000000E+00
     0.000 3.9915660   244.080     AA L 2AA22A2
 0.49770729E+01 0.39000000E+03 8.09954360E+00 0.00000000E+00 0.00000000E+00 1.80000000E+00 0.00000000E+00
     0.000 3.7246558   245.033     AA L 2AA22A2
 0.50001391E+01 0.39000000E+03 7.94088150E+00 0.00000000E+00 0.00000000E+00 1.80000000E+00 0.00000000E+00
     0.000 3.4755936   245.986     AA L 2AA22A2
 0.50233122E+01 0.39000000E+03 7.74487754E+00 0.00000000E+00 0.00000000E+00 1.80000000E+00 0.00000000E+00
     0.000 3.2431857   246.939     AA L 2AA22A2
 0.50465927E+01 0.39000000E+03 7.51736030E+00 0.00000000E+00 0.00000000E+00 1.80000000E+00 0.00000000E+00
     0.000 3.0263186   247.892     AA L 2AA22A2
 0.50699811E+01 0.39000000E+03 7.27277549E+00 0.00000000E+00 0.00000000E+00 1.80000000E+00 0.00000000E+00
     0.000 2.8239531   249.278     AA L 2AA22A2
 0.50987190E+01 0.39000000E+03 7.02036216E+00 0.00000000E+00 0.00000000E+00 1.80000000E+00 0.00000000E+00
     0.000 2.6351195   250.728     AA L 2AA22A2
 0.51283814E+01 0.39000000E+03 6.76140353E+00 0.00000000E+00 0.00000000E+00 1.80000000E+00 0.00000000E+00
     0.000 2.4589129   252.178     AA L 2AA22A2
 0.51582164E+01 0.39000000E+03 6.49682762E+00 0.00000000E+00 0.00000000E+00 1.80000000E+00 0.00000000E+00
     0.000 2.2944890   253.627     AA L 2AA22A2
 0.51882250E+01 0.39000000E+03 6.22693628E+00 0.00000000E+00 0.00000000E+00 1.80000000E+00 0.00000000E+00
     0.000 2.1410599   255.077     AA L 2AA22A2
 0.52184081E+01 0.39000000E+03 5.95234617E+00 0.00000000E+00 0.00000000E+00 1.80000000E+00 0.00000000E+00
     0.000 1.9978904   256.514     AA L 2AA22A2
 0.52485542E+01 0.39000000E+03 5.67719044E+00 0.00000000E+00 0.00000000E+00 1.80000000E+00 0.00000000E+00
     0.000 1.8642944   257.193     AA L 2AA22A2
 0.52650806E+01 0.39000000E+03 5.40622625E+00 0.00000000E+00 0.00000000E+00 1.80000000E+00 0.00000000E+00
     0.000 1.7396317   257.871     AA L 2AA22A2
 0.52816590E+01 0.39000000E+03 5.14238898E+00 0.00000000E+00 0.00000000E+00 1.80000000E+00 0.00000000E+00
     0.000 1.6233051   258.549     AA L 2AA22A2
 0.52982896E+01 0.39000000E+03 4.88819403E+00 0.00000000E+00 0.00000000E+00 1.80000000E+00 0.00000000E+00
     0.000 1.5147570   259.227     AA L 2AA22A2
 0.53149726E+01 0.39000000E+03 4.64542745E+00 0.00000000E+00 0.00000000E+00 1.80000000E+00 0.00000000E+00
     0.000 1.4134675   259.905     AA L 2AA22A2
 0.53317081E+01 0.39000000E+03 4.41166610E+00 0.00000000E+00 0.00000000E+00 1.80000000E+00 0.00000000E+00
     0.000 1.3189510   260.583     AA L 2AA22A2
 0.53484963E+01 0.39000000E+03 4.18493016E+00 0.00000000E+00 0.00000000E+00 1.80000000E+00 0.00000000E+00
     0.000 1.2307546   261.261     AA L 2AA22A2
 0.53653374E+01 0.39000000E+03 3.97015814E+00 0.00000000E+00 0.00000000E+00 1.80000000E+00 0.00000000E+00
     0.000 1.1484559   261.939     AA L 2AA22A2
 0.53822315E+01 0.39000000E+03 3.77244536E+00 0.00000000E+00 0.00000000E+00 1.80000000E+00 0.00000000E+00
     0.000 1.0716603   262.617     AA L 2AA22A2
 0.53991788E+01 0.39000000E+03 3.58898316E+00 0.00000000E+00 0.00000000E+00 1.80000000E+00 0.00000000E+00
     0.000 0.9999999   263.295     AA L 2AA22A2
 0.54161795E+01 0.39000000E+03 3.41350533E+00 0.00000000E+00 0.00000000E+00 1.80000000E+00 0.00000000E+00
     0.000 0.7943282   265.551     AA L 2AA22A2
 0.54731268E+01 0.39000000E+03 2.87662338E+00 0.00000000E+00 0.00000000E+00 1.80000000E+00 0.00000000E+00
     0.000 0.6309573   267.807     AA L 2AA22A2
 0.55306729E+01 0.39000000E+03 2.38487485E+00 0.00000000E+00 0.00000000E+00 1.80000000E+00 0.00000000E+00
     0.000 0.5011872   270.063     AA L 2AA22A2
 0.55888241E+01 0.39000000E+03 2.04134238E+00 0.00000000E+00 0.00000000E+00 1.80000000E+00 0.00000000E+00
     0.000 0.3981071   272.319     AA L 2AA22A2
 0.56475866E+01 0.39000000E+03 1.77062423E+00 0.00000000E+00 0.00000000E+00 1.80000000E+00 0.00000000E+00
     0.000 0.3162277   274.575     AA L 2AA22A2
 0.57069670E+01 0.39000000E+03 1.53001638E+00 0.00000000E+00 0.00000000E+00 1.80000000E+00 0.00000000E+00
     0.000 0.2511886   276.831     AA L 2AA22A2
 0.57669718E+01 0.39000000E+03 1.33453529E+00 0.00000000E+00 0.00000000E+00 1.80000000E+00 0.00000000E+00
     0.000 0.1995262   279.087     AA L 2AA22A2
 0.58276074E+01 0.39000000E+03 1.19179850E+00 0.00000000E+00 0.00000000E+00 1.80000000E+00 0.00000000E+00
     0.000 0.1584893   281.343     AA L 2AA22A2
 0.58888807E+01 0.39000000E+03 1.06709537E+00 0.00000000E+00 0.00000000E+00 1.80000000E+00 0.00000000E+00
     0.000 0.1258925   283.599     AA L 2AA22A2
 0.59507981E+01 0.39000000E+03 9.57180026E-01 0.00000000E+00 0.00000000E+00 1.80000000E+00 0.00000000E+00
     0.000 0.1000000   285.855     AA L 2AA22A2
 0.60133666E+01 0.39000000E+03 8.52764653E-01 0.00000000E+00 0.00000000E+00 1.80000000E+00 0.00000000E+00